11
0 1 0 0 0 8 4 0 7
9 5 0 0 0 0 0 0 0
0 0 8 0 1 0 0 0 0
0 8 2 0 0 0 0 0 0
7 0 0 4 0 6 0 0 8
0 0 0 0 0 0 6 2 0
0 0 0 0 5 0 7 0 0
0 0 0 0 0 0 0 8 2
5 0 3 2 0 0 0 1 0

12
7 5 0 0 9 0 0 4 6
9 0 1 0 0 0 3 0 2
2 0 0 6 0 1 0 0 7
0 8 0 0 0 0 0 2 0
1 0 0 3 0 8 0 0 5
0 0 0 0 0 0 0 0 0
3 0 9 0 0 0 2 0 4
8 4 0 0 3 0 0 7 9

13
0 0 0 8 9 0 0 2 0
0 0 9 0 0 5 0 0 7
0 5 0 0 0 0 3 0 0
0 9 3 5 0 0 1 0 0
0 0 0 1 0 7 0 0 0
0 0 1 0 0 6 8 4 0
0 0 8 0 0 0 0 6 0
9 0 0 6 0 0 4 0 0
0 1 0 0 2 8 0 0 0

14
0 8 0 7 9 0 0 0 0
0 0 0 0 0 2 0 9 0
0 0 3 0 0 8 4 5 0
0 0 8 0 0 0 0 0 1
0 9 6 0 0 0 3 7 0
3 0 0 0 0 0 2 0 0
0 3 2 5 0 0 9 0 0
0 4 0 8 0 0 0 0 0
0 0 0 0 6 4 0 2 0

15
0 0 0 4 0 0 0 0 2
0 0 4 0 1 2 0 0 9
0 7 0 0 0 8 0 0 0
0 2 0 0 9 0 1 7 0
0 0 0 0 8 0 0 0 0
0 6 1 0 5 0 0 4 0
0 0 0 9 0 0 0 5 0
6 0 0 1 2 0 3 0 0
1 0 0 0 0 3 0 0 0

16
1 0 0 0 3 4 0 0 9
7 4 0 0 0 0 0 0 0
0 0 0 0 8 0 2 0 0
0 9 0 7 2 0 1 5 0
0 0 0 0 0 0 0 0 0
0 1 7 0 9 3 0 2 0
0 0 3 0 5 0 0 0 0
0 0 0 0 0 0 0 9 6
6 0 0 9 7 0 0 0 5

17
0 6 0 0 0 0 0 2 7
0 0 0 5 1 0 0 0 0
7 0 0 8 0 0 0 0 9
5 4 0 0 7 0 0 0 0
0 0 0 4 0 8 0 0 0
0 0 0 0 3 0 0 8 2
3 0 0 0 0 2 0 0 1
0 0 0 0 6 3 0 0 0
6 9 0 0 0 0 0 3 0

18
0 0 0 3 4 0 0 0 0
2 0 0 0 0 0 4 0 7
0 7 0 0 0 8 0 0 5
0 0 3 0 0 1 0 0 2
0 0 9 0 6 0 8 0 0
7 0 0 2 0 0 3 0 0
5 0 0 6 0 0 0 1 0
1 0 2 0 0 0 0 0 9
0 0 0 0 1 4 0 0 0

19
0 8 0 0 0 0 0 2 0
0 0 1 0 0 0 6 0 0
2 0 0 0 5 0 0 0 3
0 0 6 5 0 1 2 0 0
7 0 0 6 0 4 0 0 9
0 0 4 7 0 9 3 0 0
6 0 0 0 1 0 0 0 5
0 0 7 0 0 0 9 0 0
0 4 0 0 0 0 0 3 0

20
0 1 9 2 0 0 5 0 0
7 0 0 0 8 0 3 0 0
0 4 0 5 0 0 0 0 0
3 0 0 0 0 0 0 0 0
0 2 0 1 0 7 0 8 0
0 0 0 0 0 0 0 0 1
0 0 0 0 0 4 0 5 0
0 0 5 0 1 0 0 0 6
0 0 2 0 0 6 7 9 0

21
0 9 0 5 6 8 0 2 0
0 0 0 0 0 0 0 0 0
0 5 6 0 0 0 7 9 0
3 0 0 4 0 9 0 0 7
0 0 0 0 0 0 0 0 0
4 0 0 2 0 1 0 0 8
0 7 4 0 0 0 5 1 0
0 0 0 0 0 0 0 0 0
0 2 0 1 3 4 0 7 0

22
1 0 0 0 0 0 0 0 4
2 4 5 0 0 0 7 0 8
0 3 0 5 0 0 0 0 0
9 0 0 0 0 3 1 0 0
0 0 0 8 0 7 0 0 0
0 0 7 6 0 0 0 0 2
0 0 0 0 0 9 0 4 0
4 0 2 0 0 0 6 5 3
3 0 0 0 0 0 0 0 9

23
0 0 1 4 0 0 0 0 0
0 0 0 0 7 8 6 0 1
0 0 0 0 5 0 9 0 0
0 8 0 0 0 0 0 2 3
0 1 3 0 0 0 5 6 0
9 5 0 0 0 0 0 7 0
0 0 5 0 4 0 0 0 0
3 0 9 1 8 0 0 0 0
0 0 0 0 0 7 3 0 0

24
1 0 0 0 0 0 0 0 9
0 6 0 8 0 7 0 5 0
0 0 7 0 0 0 2 0 0
2 1 0 0 5 0 0 9 3
0 0 0 4 0 8 0 0 0
4 3 0 0 2 0 0 8 7
0 0 1 0 0 0 9 0 0
0 5 0 6 0 9 0 4 0
6 0 0 0 0 0 0 0 8

25
0 0 0 0 8 0 0 2 0
4 0 0 0 0 7 9 0 0
8 0 3 4 0 0 0 0 0
0 0 0 0 0 5 0 0 1
9 4 0 0 1 0 0 5 2
5 0 0 3 0 0 0 0 0
0 0 0 0 0 9 7 0 3
0 0 9 8 0 0 0 0 4
0 3 0 0 6 0 0 0 0

26
4 0 0 0 0 0 1 0 0
0 0 2 6 0 0 4 0 0
6 7 0 0 0 0 0 9 2
0 2 0 0 0 4 0 0 0
0 1 0 7 0 9 0 6 0
0 0 0 3 0 0 0 2 0
1 3 0 0 0 0 0 7 9
0 0 7 0 0 5 3 0 0
0 0 8 0 0 0 0 0 1

27
0 0 9 0 0 0 0 0 2
0 0 0 3 1 0 8 0 0
2 0 8 6 0 0 0 0 0
0 5 0 0 2 0 0 0 1
0 0 0 4 0 8 0 0 0
6 0 0 0 9 0 0 4 0
0 0 0 0 0 6 4 0 3
0 0 7 0 8 5 0 0 0
1 0 0 0 0 0 2 0 0

28
0 0 0 0 0 2 9 0 0
0 0 8 0 4 0 0 7 0
0 0 0 6 0 7 0 3 0
0 4 0 0 0 0 0 5 0
0 5 3 8 0 9 2 6 0
0 1 0 0 0 0 0 9 0
0 3 0 2 0 4 0 0 0
0 7 0 0 5 0 6 0 0
0 0 5 7 0 0 0 0 0

29
0 5 0 0 3 0 0 0 0
0 0 1 6 0 0 9 0 8
3 4 0 7 0 1 0 0 0
0 0 0 0 0 7 0 0 5
0 9 0 0 0 0 0 8 0
7 0 0 2 0 0 0 0 0
0 0 0 3 0 9 0 6 1
6 0 4 0 0 8 3 0 0
0 0 0 0 6 0 0 7 0

30
8 0 0 0 4 0 1 0 3
0 0 0 5 0 0 7 0 0
1 3 0 0 0 0 0 0 0
0 0 0 2 0 6 0 8 0
5 0 0 0 0 0 0 0 4
0 2 0 4 0 7 0 0 0
0 0 0 0 0 0 0 3 1
0 0 2 0 0 4 0 0 0
6 0 4 0 7 0 0 0 5

31
7 0 8 0 0 5 0 0 0
0 0 5 1 3 0 0 4 0 
0 0 0 0 0 0 0 0 0
0 0 0 0 0 0 1 0 0
0 0 0 8 5 0 0 2 4
9 1 0 0 0 0 7 0 0
6 0 0 9 0 0 0 0 0
0 0 3 0 0 0 0 0 0
0 0 0 0 4 6 0 5 3

32
0 0 0 0 2 0 0 5 6
0 9 0 1 0 0 0 7 0
1 8 0 0 0 0 0 0 0
0 0 0 0 1 0 2 0 4
0 0 6 8 0 0 0 0 0
0 0 0 3 0 4 0 8 9
0 0 9 0 0 0 0 0 0
0 4 0 0 0 0 8 0 0
0 0 0 0 0 0 0 3 7

33
3 0 6 0 0 0 8 0 0
0 0 0 0 0 6 5 7 0
0 8 0 0 4 0 0 0 2
0 0 0 0 7 0 0 0 0
0 0 0 0 0 2 0 4 5
0 5 0 0 0 0 0 0 0
2 0 0 0 0 0 7 0 0
0 0 1 0 0 9 0 0 0
0 0 4 0 0 1 6 0 8

34
0 0 0 1 6 0 0 0 3
0 4 0 7 0 0 0 0 2
5 0 7 0 3 0 0 0 0
0 0 0 0 0 0 0 1 0
9 0 0 0 0 0 5 0 0
0 2 0 9 0 0 0 7 0
0 0 0 0 0 0 6 0 0
0 8 0 4 9 2 0 0 0
0 0 1 0 0 7 0 0 0

35
0 0 0 0 0 8 0 0 3
0 7 0 0 2 0 4 0 6
6 0 0 0 0 5 0 0 0
0 0 0 0 0 0 0 9 0
0 0 0 8 3 0 7 0 0
7 0 0 4 0 0 0 0 0
0 0 0 0 0 0 0 0 2
0 0 4 1 0 6 0 0 0
8 6 0 0 0 9 5 0 0

36
0 0 5 0 1 0 0 0 0
0 0 0 0 0 2 0 6 4
0 0 3 4 0 0 2 0 0
0 0 0 0 0 0 4 0 9
0 0 2 8 0 0 0 0 0
0 0 0 2 0 6 0 0 0
0 0 7 0 9 0 0 0 0
8 0 0 0 0 0 0 0 7
0 0 6 0 0 0 9 3 1

37
0 1 0 0 3 0 0 0 9
0 0 0 5 0 7 0 2 0
0 0 8 0 0 0 0 0 0
0 9 0 3 0 8 0 0 7
2 4 0 0 0 0 0 0 0
0 0 0 9 0 0 0 0 0
0 0 4 0 0 6 9 0 0
0 0 5 0 0 0 1 3 0
7 0 0 0 0 0 0 0 6

38
0 2 0 0 4 0 0 0 0
0 0 0 0 6 0 0 8 5
0 0 7 0 9 0 0 0 0
0 0 4 0 1 0 0 0 0
9 7 0 5 0 0 0 2 3
0 5 0 0 0 0 0 0 4
0 0 0 2 0 0 0 5 0
0 0 3 6 0 1 7 0 0
0 0 0 0 0 0 0 0 0

39
0 0 0 5 0 0 0 6 0
0 0 0 0 0 0 0 0 3
8 0 2 0 9 4 0 0 0
7 1 0 0 0 8 0 0 0
9 0 0 0 0 2 7 1 0
0 0 0 0 0 0 5 9 0
0 8 0 0 4 7 3 0 0
6 0 0 0 0 0 0 0 0
0 0 0 0 0 0 2 0 0

40
0 0 0 0 4 0 0 0 0
0 0 5 0 1 0 7 0 0
0 9 0 7 0 0 0 0 0
0 0 9 6 0 0 0 0 0
1 0 0 0 0 0 4 0 3
0 0 7 0 0 3 0 0 2
0 0 0 3 7 0 0 6 0
8 5 0 2 0 0 0 0 0
0 0 0 0 0 4 5 0 0