401
0 1 0 0 0 8 4 0 7
9 5 0 0 0 0 0 0 0
0 0 8 0 1 0 0 0 0
0 8 2 0 0 0 0 0 0
7 0 0 4 0 6 0 0 8
0 0 0 0 0 0 6 2 0
0 0 0 0 5 0 7 0 0
0 0 0 0 0 0 0 8 2
5 0 3 2 0 0 0 1 0

402
7 5 0 0 9 0 0 4 6
9 0 1 0 0 0 3 0 2
0 0 0 0 0 0 0 0 0
2 0 0 6 0 1 0 0 7
0 8 0 0 0 0 0 2 0
1 0 0 3 0 8 0 0 5
0 0 0 0 0 0 0 0 0
3 0 9 0 0 0 2 0 4
8 4 0 0 3 0 0 7 9

403
0 0 0 8 9 0 0 2 0
0 0 9 0 0 5 0 0 7
0 5 0 0 0 0 3 0 0
0 9 3 5 0 0 1 0 0
0 0 0 1 0 7 0 0 0
0 0 1 0 0 6 8 4 0
0 0 8 0 0 0 0 6 0
9 0 0 6 0 0 4 0 0
0 1 0 0 2 8 0 0 0

404
0 8 0 7 9 0 0 0 0
0 0 0 0 0 2 0 9 0
0 0 3 0 0 8 4 5 0
0 0 8 0 0 0 0 0 1
0 9 6 0 0 0 3 7 0
3 0 0 0 0 0 2 0 0
0 3 2 5 0 0 9 0 0
0 4 0 8 0 0 0 0 0
0 0 0 0 6 4 0 2 0

405
0 0 0 4 0 0 0 0 2
0 0 4 0 1 2 0 0 9
0 7 0 0 0 8 0 0 0
0 2 0 0 9 0 1 7 0
0 0 0 0 8 0 0 0 0
0 6 1 0 5 0 0 4 0
0 0 0 9 0 0 0 5 0
6 0 0 1 2 0 3 0 0
1 0 0 0 0 3 0 0 0

406
1 0 0 0 3 4 0 0 9
7 4 0 0 0 0 0 0 0
0 0 0 0 8 0 2 0 0
0 9 0 7 2 0 1 5 0
0 0 0 0 0 0 0 0 0
0 1 7 0 9 3 0 2 0
0 0 3 0 5 0 0 0 0
0 0 0 0 0 0 0 9 6
6 0 0 9 7 0 0 0 5

407
0 6 0 0 0 0 0 2 7
0 0 0 5 1 0 0 0 0
7 0 0 8 0 0 0 0 9
5 4 0 0 7 0 0 0 0
0 0 0 4 0 8 0 0 0
0 0 0 0 3 0 0 8 2
3 0 0 0 0 2 0 0 1
0 0 0 0 6 3 0 0 0
6 9 0 0 0 0 0 3 0

408
0 0 0 3 4 0 0 0 0
2 0 0 0 0 0 4 0 7
0 7 0 0 0 8 0 0 5
0 0 3 0 0 1 0 0 2
0 0 9 0 6 0 8 0 0
7 0 0 2 0 0 3 0 0
5 0 0 6 0 0 0 1 0
1 0 2 0 0 0 0 0 9
0 0 0 0 1 4 0 0 0

409
0 8 0 0 0 0 0 2 0
0 0 1 0 0 0 6 0 0
2 0 0 0 5 0 0 0 3
0 0 6 5 0 1 2 0 0
7 0 0 6 0 4 0 0 9
0 0 4 7 0 9 3 0 0
6 0 0 0 1 0 0 0 5
0 0 7 0 0 0 9 0 0
0 4 0 0 0 0 0 3 0

410
0 1 9 2 0 0 5 0 0
7 0 0 0 8 0 3 0 0
0 4 0 5 0 0 0 0 0
3 0 0 0 0 0 0 0 0
0 2 0 1 0 7 0 8 0
0 0 0 0 0 0 0 0 1
0 0 0 0 0 4 0 5 0
0 0 5 0 1 0 0 0 6
0 0 2 0 0 6 7 9 0

411
0 9 0 5 6 8 0 2 0
0 0 0 0 0 0 0 0 0
0 5 6 0 0 0 7 9 0
3 0 0 4 0 9 0 0 7
0 0 0 0 0 0 0 0 0
4 0 0 2 0 1 0 0 8
0 7 4 0 0 0 5 1 0
0 0 0 0 0 0 0 0 0
0 2 0 1 3 4 0 7 0

412
1 0 0 0 0 0 0 0 4
2 4 5 0 0 0 7 0 8
0 3 0 5 0 0 0 0 0
9 0 0 0 0 3 1 0 0
0 0 0 8 0 7 0 0 0
0 0 7 6 0 0 0 0 2
0 0 0 0 0 9 0 4 0
4 0 2 0 0 0 6 5 3
3 0 0 0 0 0 0 0 9

413
0 0 1 4 0 0 0 0 0
0 0 0 0 7 8 6 0 1
0 0 0 0 5 0 9 0 0
0 8 0 0 0 0 0 2 3
0 1 3 0 0 0 5 6 0
9 5 0 0 0 0 0 7 0
0 0 5 0 4 0 0 0 0
3 0 9 1 8 0 0 0 0
0 0 0 0 0 7 3 0 0

414
1 0 0 0 0 0 0 0 9
0 6 0 8 0 7 0 5 0
0 0 7 0 0 0 2 0 0
2 1 0 0 5 0 0 9 3
0 0 0 4 0 8 0 0 0
4 3 0 0 2 0 0 8 7
0 0 1 0 0 0 9 0 0
0 5 0 6 0 9 0 4 0
6 0 0 0 0 0 0 0 8

415
0 0 0 0 8 0 0 2 0
4 0 0 0 0 7 9 0 0
8 0 3 4 0 0 0 0 0
0 0 0 0 0 5 0 0 1
9 4 0 0 1 0 0 5 2
5 0 0 3 0 0 0 0 0
0 0 0 0 0 9 7 0 3
0 0 9 8 0 0 0 0 4
0 3 0 0 6 0 0 0 0

416
4 0 0 0 0 0 1 0 0
0 0 2 6 0 0 4 0 0
6 7 0 0 0 0 0 9 2
0 2 0 0 0 4 0 0 0
0 1 0 7 0 9 0 6 0
0 0 0 3 0 0 0 2 0
1 3 0 0 0 0 0 7 9
0 0 7 0 0 5 3 0 0
0 0 8 0 0 0 0 0 1

417
0 0 9 0 0 0 0 0 2
0 0 0 3 1 0 8 0 0
2 0 8 6 0 0 0 0 0
0 5 0 0 2 0 0 0 1
0 0 0 4 0 8 0 0 0
6 0 0 0 9 0 0 4 0
0 0 0 0 0 6 4 0 3
0 0 7 0 8 5 0 0 0
1 0 0 0 0 0 2 0 0

418
0 0 0 0 0 2 9 0 0
0 0 8 0 4 0 0 7 0
0 0 0 6 0 7 0 3 0
0 4 0 0 0 0 0 5 0
0 5 3 8 0 9 2 6 0
0 1 0 0 0 0 0 9 0
0 3 0 2 0 4 0 0 0
0 7 0 0 5 0 6 0 0
0 0 5 7 0 0 0 0 0

419
0 5 0 0 3 0 0 0 0
0 0 1 6 0 0 9 0 8
3 4 0 7 0 1 0 0 0
0 0 0 0 0 7 0 0 5
0 9 0 0 0 0 0 8 0
7 0 0 2 0 0 0 0 0
0 0 0 3 0 9 0 6 1
6 0 4 0 0 8 3 0 0
0 0 0 0 6 0 0 7 0

420
8 0 0 0 4 0 1 0 3
0 0 0 5 0 0 7 0 0
1 3 0 0 0 0 0 0 0
0 0 0 2 0 6 0 8 0
5 0 0 0 0 0 0 0 4
0 2 0 4 0 7 0 0 0
0 0 0 0 0 0 0 3 1
0 0 2 0 0 4 0 0 0
6 0 4 0 7 0 0 0 5

421
7 0 8 0 0 5 0 0 0
0 0 5 1 3 0 0 4 0 
0 0 0 0 0 0 0 0 0
0 0 0 0 0 0 1 0 0
0 0 0 8 5 0 0 2 4
9 1 0 0 0 0 7 0 0
6 0 0 9 0 0 0 0 0
0 0 3 0 0 0 0 0 0
0 0 0 0 4 6 0 5 3

422
0 0 0 0 2 0 0 5 6
0 9 0 1 0 0 0 7 0
1 8 0 0 0 0 0 0 0
0 0 0 0 1 0 2 0 4
0 0 6 8 0 0 0 0 0
0 0 0 3 0 4 0 8 9
0 0 9 0 0 0 0 0 0
0 4 0 0 0 0 8 0 0
0 0 0 0 0 0 0 3 7

423
3 0 6 0 0 0 8 0 0
0 0 0 0 0 6 5 7 0
0 8 0 0 4 0 0 0 2
0 0 0 0 7 0 0 0 0
0 0 0 0 0 2 0 4 5
0 5 0 0 0 0 0 0 0
2 0 0 0 0 0 7 0 0
0 0 1 0 0 9 0 0 0
0 0 4 0 0 1 6 0 8

424
0 0 0 1 6 0 0 0 3
0 4 0 7 0 0 0 0 2
5 0 7 0 3 0 0 0 0
0 0 0 0 0 0 0 1 0
9 0 0 0 0 0 5 0 0
0 2 0 9 0 0 0 7 0
0 0 0 0 0 0 6 0 0
0 8 0 4 9 2 0 0 0
0 0 1 0 0 7 0 0 0

425
0 0 0 0 0 8 0 0 3
0 7 0 0 2 0 4 0 6
6 0 0 0 0 5 0 0 0
0 0 0 0 0 0 0 9 0
0 0 0 8 3 0 7 0 0
7 0 0 4 0 0 0 0 0
0 0 0 0 0 0 0 0 2
0 0 4 1 0 6 0 0 0
8 6 0 0 0 9 5 0 0

426
0 0 5 0 1 0 0 0 0
0 0 0 0 0 2 0 6 4
0 0 3 4 0 0 2 0 0
0 0 0 0 0 0 4 0 9
0 0 2 8 0 0 0 0 0
0 0 0 2 0 6 0 0 0
0 0 7 0 9 0 0 0 0
8 0 0 0 0 0 0 0 7
0 0 6 0 0 0 9 3 1

427
0 1 0 0 3 0 0 0 9
0 0 0 5 0 7 0 2 0
0 0 8 0 0 0 0 0 0
0 9 0 3 0 8 0 0 7
2 4 0 0 0 0 0 0 0
0 0 0 9 0 0 0 0 0
0 0 4 0 0 6 9 0 0
0 0 5 0 0 0 1 3 0
7 0 0 0 0 0 0 0 6

428
0 2 0 0 4 0 0 0 0
0 0 0 0 6 0 0 8 5
0 0 7 0 9 0 0 0 0
0 0 4 0 1 0 0 0 0
9 7 0 5 0 0 0 2 3
0 5 0 0 0 0 0 0 4
0 0 0 2 0 0 0 5 0
0 0 3 6 0 1 7 0 0
0 0 0 0 0 0 0 0 0

429
0 0 0 5 0 0 0 6 0
0 0 0 0 0 0 0 0 3
8 0 2 0 9 4 0 0 0
7 1 0 0 0 8 0 0 0
9 0 0 0 0 2 7 1 0
0 0 0 0 0 0 5 9 0
0 8 0 0 4 7 3 0 0
6 0 0 0 0 0 0 0 0
0 0 0 0 0 0 2 0 0

430
0 0 0 0 4 0 0 0 0
0 0 5 0 1 0 7 0 0
0 9 0 7 0 0 0 0 0
0 0 9 6 0 0 0 0 0
1 0 0 0 0 0 4 0 3
0 0 7 0 0 3 0 0 2
0 0 0 3 7 0 0 6 0
8 5 0 2 0 0 0 0 0
0 0 0 0 0 4 5 0 0